185952772 0.00
1611815 0.01
1187046 0.02
 979414 0.03
 884131 0.04
 756006 0.05
 661579 0.06
 563626 0.07
 487553 0.08
 419798 0.09
 361598 0.10
 333419 0.11
 297857 0.12
 248277 0.13
 219781 0.14
 204104 0.15
 183138 0.16
 168851 0.17
 147915 0.18
 128014 0.19
 110873 0.20
  96749 0.21
  85785 0.22
  74368 0.23
  63253 0.24
  58143 0.25
  49389 0.26
  45056 0.27
  39777 0.28
  34814 0.29
  31399 0.30
  28288 0.31
  24459 0.32
  22310 0.33
  20796 0.34
  18496 0.35
  16739 0.36
  14614 0.37
  13478 0.38
  12185 0.39
  11542 0.40
   9970 0.41
   9586 0.42
   8761 0.43
   7493 0.44
   6762 0.45
   5943 0.46
   4935 0.47
   4692 0.48
   3983 0.49
   4190 0.50
   3644 0.51
   3145 0.52
   2860 0.53
   2537 0.54
   2399 0.55
   2080 0.56
   1968 0.57
   1749 0.58
   1373 0.59
   1596 0.60
   1215 0.61
   1219 0.62
    964 0.63
    839 0.64
    769 0.65
    800 0.66
    698 0.67
    844 0.68
    548 0.69
    467 0.70
    444 0.71
    445 0.72
    539 0.73
    368 0.74
    406 0.75
    354 0.76
    284 0.77
    246 0.78
    227 0.79
    179 0.80
    183 0.81
    166 0.82
    116 0.83
    108 0.84
    171 0.85
    104 0.86
     77 0.87
    128 0.88
     87 0.89
    118 0.90
    128 0.91
     70 0.92
    383 0.93
    348 0.94
     25 0.95
    109 0.96
     95 0.97
     27 0.98
   8762 0.99
    623 1.00
