40295294 0.00
 770030 0.01
 646120 0.02
 535104 0.03
 508874 0.04
 463100 0.05
 417142 0.06
 372402 0.07
 343006 0.08
 309764 0.09
 282252 0.10
 257686 0.11
 226862 0.12
 200156 0.13
 175268 0.14
 160948 0.15
 144572 0.16
 132070 0.17
 120518 0.18
 104252 0.19
  94252 0.20
  82890 0.21
  77020 0.22
  64784 0.23
  56170 0.24
  52772 0.25
  45082 0.26
  42360 0.27
  36504 0.28
  32464 0.29
  29938 0.30
  26596 0.31
  23580 0.32
  21864 0.33
  19634 0.34
  17558 0.35
  16624 0.36
  15134 0.37
  13832 0.38
  12474 0.39
  11872 0.40
  10540 0.41
   9726 0.42
   8562 0.43
   8302 0.44
   7508 0.45
   6290 0.46
   5766 0.47
   5350 0.48
   4776 0.49
   5126 0.50
   4322 0.51
   3926 0.52
   3608 0.53
   3396 0.54
   3682 0.55
   3230 0.56
   2850 0.57
   2626 0.58
   2562 0.59
   2582 0.60
   2058 0.61
   2046 0.62
   1724 0.63
   1514 0.64
   1282 0.65
   1330 0.66
   1308 0.67
   1716 0.68
    812 0.69
    984 0.70
    982 0.71
    900 0.72
    908 0.73
    864 0.74
    802 0.75
   1314 0.76
    640 0.77
    666 0.78
    574 0.79
    510 0.80
    470 0.81
    582 0.82
    286 0.83
    308 0.84
    390 0.85
    388 0.86
    344 0.87
    364 0.88
    306 0.89
    406 0.90
    444 0.91
    386 0.92
    734 0.93
   1200 0.94
    324 0.95
    818 0.96
    958 0.97
    492 0.98
  18200 0.99
  21000 1.00
